12934352
11493300
11489500
11493284
572160
1546933
572484
14702549
14718909
14689513
12059912
12945624
14481061
573240
11528968
1568889
11492988
5218308
11320936
12064284
12166256
573212
11314676
11320940
13490096
1501721
11320864
9284552
14634349
12945336
14583733
14594381
11320564
1565781
572424
13909901
14081189
14483885
572496
14080981
14701009
14078537
11314588
14583512
14080685
14693121
572396
1547277
11322396
14034237
14034277
14055361
2154964
14055301
12945336
572160
573228
1553713
1552029
1564913
16499092
1565721
1566361
1553109
11314544
1560837
11561284
1561905
11314504
11314620
11558944
11561380
11314512
1565049
1553177
14560648
1553549
14655596
1565917
1568941
1565117
14666000
1565389
1541541
14071981
13947912
14078501
13913273
14591445
1542749
13913065
1553373
14689173
573156
11538696
14087645
1554597
14071221
573232
14045185
14072013
12954340
13032996
13910077
14050429
14037593
14053945
12943848
14034053
572264
12943848
14055865
14055529
13910181
572156
12940428
14038237
1553025
13910141
11601960
573060
14037457
11528520
11518160
11514620
11561380
11511120
11501836
11509804
11541308
11596016
11509880
11526440
11528958
11508800
11505480
11532188
14481061
11595408
14034249
16499432
14063793
14070597
14074269
14091281
14074293
1552529
14087073
14057869
14052493
1565129
14034589
14083333
14063321
1569685
14599085
14560288
1553821
14055501
14057089
14070317
14583085
14092001
14089953
14068133
13908781
14589213
14069793
14689953
13914805
14082389
13912929
14587849
14069785
14055521
14689953
14082389
14055521
572412
11322328
1501053
14604896
